912
907
902
785
731
730
650
643
528
512
512
512
512
512
512
512
512
511
511
511
511
511
511
511
511
511
511
511
478
474
911
885
772
609
609
609
878
877
876
869
776
736
961
947
942
938
975
901
897
966
101
861
941
880
860
745
673
533
862
780
778
640
639
638
637
636
635
634
633
632
631
630
629
628
627
626
625
624
623
622
621
620
619
618
616
614
613
610
610
610
610
610
610
610
610
610
610
610
608
608
608
608
608
608
608
608
608
608
608
608
608
608
608
608
608
608
608
608
608
608
608
606
605
604
603
602
601
600
599
598
597
596
595
594
593
608
863
857
856
839
803
732
612
609
608
608
608
608
608
478
478
478
478
478
478
478
478
478
478
478
478
478
478
615
489
488
487
486
478
478
478
478
478
478
478
888
429
896
903
954
899
774
669
101
932
931
898
950
948
936
935
934
933
930
663
890
775
739
737
537
532
518
513
513
511
511
511
511
510
508
505
478
478
436
436
436
436
436
436
436
436
436
436
436
959
958
957
946
918
917
916
914
892
882
787
787
787
769
681
675
674
668
665
660
657
656
655
654
648
646
645
644
642
615
615
609
609
609
609
609
471
470
468
467
466
887
886
879
786
666
653
652
900
667
651
679
978
925
922
920
919
659
893
977
988
987
986
970
964
962
956
955
951
949
945
944
943
924
923
921
915
894
873
868
867
866
865
864
859
858
855
854
853
852
851
850
849
848
846
845
844
842
835
828
825
817
814
804
802
801
800
799
798
797
796
795
794
793
792
791
790
789
788
779
773
768
767
766
765
764
763
762
761
760
759
758
757
756
755
754
753
752
751
750
749
748
747
746
744
743
742
741
740
738
735
734
733
729
727
707
706
705
704
703
702
701
700
699
698
697
696
695
694
693
692
691
690
689
688
687
686
685
684
683
682
678
676
664
649
611
607
592
591
538
535
534
531
529
527
526
525
524
522
521
520
519
517
516
515
514
509
507
506
504
503
502
501
500
499
498
497
496
495
494
493
490
485
484
483
482
481
480
479
477
476
475
473
472
469
465
464
463
462
461
460
459
458
457
456
455
454
453
452
451
450
449
448
447
446
445
444
443
442
441
440
439
438
437
435
434
433
432
428
913
100
100
100
100
100
100
100
100
100
100
999
998
997
996
995
994
993
992
991
990
989
972
971
969
940
939
937
906
905
904
895
891
889
884
883
875
872
777
680
672
670
658
641
617
590
589
588
587
586
585
584
583
582
581
580
579
578
577
576
575
574
573
572
571
570
569
568
567
566
565
564
563
562
561
560
559
558
557
556
555
554
553
552
551
550
549
578
547
546
545
530
661
647
543
427
426
101
101
101
101
985
984
983
982
981
980
979
976
974
973
968
967
965
953
952
929
927
926
874
871
870
843
841
840
838
837
836
834
833
832
831
830
829
827
826
824
823
822
821
820
819
818
816
815
813
812
811
810
809
808
807
806
805
784
783
782
781
771
770
431
431
431
431
431
431
431
430
431
431
609
425
425
425
425
960
909
963
881
908
101
928
847
542
542
540
539
536
523
677
544
910
728
726
725
724
723
722
721
720
719
718
717
716
715
714
713
712
711
710
709
708
707
706
705
704
703
702
701
700
699
698
697
696
695
694
693
692
691
690
689
688
687
686
685
684
683
682
671
662
736